
-------------------------------------------------------------------------------
SCINTREX V5.2       AUTOGRAV / Cycling Mode          R5.31
Cycle Time:      77                                          Ser No:    704372.
Line:      0.  Grid:      0.   Job:      1.  Date: 15/06/05  Operator:       1.

GREF.:                       0. mGals           Tilt x sensit.:           319.2
GCAL.1:                6062.697                 Tilt y sensit.:           291.3
GCAL.2:                     0.0                 Deg.Latitude:             45.83
TEMPCO.:                -0.1343 mGal/mK         Deg.Longitude:           -16.02
Drift const.:             0.2629                GMT Difference:            0.hr
Drift Correction Start  Time: 11:26:57          Cal.after x samples:        999
                        Date: 14/12/05          On-Line Tilt Corrected = "*"
-------------------------------------------------------------------------------
Station  Grav.     SD.   Tilt x  Tilt y    Temp.    E.T.C.  Dur  # Rej     Time
     2. 6850.180* 0.017     -0.      2.    0.45   -0.065     60     0  06:43:26
     2. 6850.178* 0.018     -0.      2.    0.46   -0.064     60     1  06:44:36
     2. 6850.170* 0.014     -0.      2.    0.47   -0.064     60     1  06:45:47
     2. 6850.160* 0.018     -0.      2.    0.48   -0.063     60     0  06:46:58
     2. 6850.157* 0.018     -0.      2.    0.49   -0.063     60     0  06:48:08
     2. 6850.155* 0.017     -0.      2.    0.49   -0.062     60     0  06:49:18
     2. 6850.152* 0.015     -0.      3.    0.49   -0.062     60     0  06:50:28
     2. 6850.143* 0.015     -0.      3.    0.49   -0.061     60     0  06:51:38
     2. 6850.145* 0.013     -0.      3.    0.49   -0.061     60     0  06:52:48
     2. 6850.142* 0.018     -1.      3.    0.49   -0.060     60     0  06:53:58
     2. 6850.143* 0.016     -1.      3.    0.49   -0.060     60     1  06:55:08
     2. 6850.135* 0.018     -1.      3.    0.49   -0.059     60     0  06:56:19
     2. 6850.133* 0.016     -1.      3.    0.49   -0.058     60     0  06:57:29
     2. 6850.138* 0.015     -1.      3.    0.49   -0.058     60     0  06:58:39
     2. 6850.122* 0.018     -1.      2.    0.49   -0.058     60     0  06:59:49
     2. 6850.129* 0.019     -1.      2.    0.49   -0.057     60     0  07:00:59
     2. 6850.122* 0.014     -1.      2.    0.49   -0.057     60     0  07:02:09
     2. 6850.127* 0.017     -1.      2.    0.49   -0.056     60     0  07:03:19
     2. 6850.127* 0.017     -1.      2.    0.49   -0.055     60     0  07:04:29
     2. 6850.125* 0.018     -1.      2.    0.49   -0.055     60     0  07:05:39
     2. 6850.123* 0.013     -1.      2.    0.49   -0.054     60     1  07:06:49
     2. 6850.122* 0.017     -2.      2.    0.49   -0.054     60     0  07:08:00
     2. 6850.121* 0.021     -2.      2.    0.50   -0.053     60     0  07:09:10
     2. 6850.123* 0.015     -2.      2.    0.49   -0.053     60     0  07:10:20
     2. 6850.119* 0.018     -2.      2.    0.49   -0.052     60     0  07:11:30
     2. 6850.256* 0.016     -1.     -0.    0.44    0.043     60     0  09:39:09
     2. 6850.251* 0.015     -1.     -0.    0.45    0.044     60     0  09:40:19
     2. 6850.235* 0.017     -1.     -0.    0.46    0.045     60     0  09:41:29
     2. 6850.229* 0.015     -1.     -1.    0.47    0.046     60     0  09:42:39
     2. 6850.227* 0.018     -2.     -1.    0.47    0.047     60     0  09:43:49
     2. 6850.215* 0.015     -2.     -1.    0.48    0.047     60     0  09:44:59
     2. 6850.208* 0.015     -2.     -1.    0.48    0.048     60     0  09:46:09
     2. 6850.207* 0.015     -2.     -1.    0.48    0.049     60     0  09:47:19
     2. 6850.200* 0.017     -2.     -0.    0.48    0.050     60     0  09:48:29
     2. 6850.194* 0.016     -2.     -0.    0.47    0.051     60     0  09:49:39
     2. 6850.193* 0.017     -2.     -0.    0.47    0.052     60     0  09:50:49
     2. 6850.189* 0.016     -3.     -0.    0.47    0.052     60     0  09:51:59
     2. 6850.187* 0.017     -3.     -0.    0.47    0.053     60     0  09:53:09
     2. 6850.182* 0.015     -3.     -0.    0.47    0.053     60     0  09:54:19
     2. 6850.183* 0.013     -3.     -0.    0.47    0.055     60     0  09:55:29
     2. 6850.178* 0.015     -3.     -0.    0.47    0.055     60     0  09:56:39
     2. 6850.174* 0.016     -3.     -1.    0.47    0.056     60     0  09:57:49
     2. 6850.176* 0.016     -3.     -1.    0.47    0.057     60     0  09:58:59
     2. 6850.165* 0.014     -4.     -1.    0.47    0.057     60     0  10:00:09
     2. 6850.168* 0.018     -4.     -1.    0.47    0.058     60     0  10:01:19
     2. 6850.171* 0.014     -4.     -1.    0.47    0.059     60     1  10:02:29
     2. 6850.164* 0.017     -4.     -1.    0.47    0.060     60     0  10:03:40
     2. 6850.161* 0.018     -4.     -1.    0.47    0.061     60     0  10:04:50
     2. 6850.157* 0.017     -4.     -1.    0.47    0.061     60     0  10:06:00
     2. 6850.159* 0.012     -4.     -1.    0.47    0.062     60     0  10:07:10
     2. 6850.275* 0.015     -1.      1.    0.47    0.117     60     0  12:36:59
     2. 6850.258* 0.021     -1.      1.    0.47    0.117     60     0  12:38:09
     2. 6850.250* 0.015     -1.      1.    0.48    0.117     60     0  12:39:19
     2. 6850.245* 0.015     -2.      1.    0.49    0.117     60     1  12:40:29
     2. 6850.235* 0.015     -2.      1.    0.50    0.117     60     0  12:41:40
     2. 6850.228* 0.014     -2.      1.    0.50    0.117     60     0  12:42:50
     2. 6850.224* 0.015     -2.      1.    0.50    0.117     60     0  12:44:00
     2. 6850.223* 0.016     -2.      1.    0.50    0.117     60     0  12:45:10
     2. 6850.214* 0.019     -2.      1.    0.50    0.117     60     0  12:46:20
     2. 6850.211* 0.016     -2.      1.    0.50    0.117     60     1  12:47:30
     2. 6850.210* 0.015     -2.      1.    0.50    0.117     60     0  12:48:41
     2. 6850.208* 0.016     -3.      1.    0.50    0.116     60     0  12:49:51
     2. 6850.204* 0.018     -3.      1.    0.50    0.116     60     0  12:51:01
     2. 6850.204* 0.020     -3.      1.    0.50    0.116     60     0  12:52:11
     2. 6850.194* 0.016     -3.      1.    0.49    0.116     60     0  12:53:21
     2. 6850.196* 0.013     -3.      1.    0.49    0.116     60     0  12:54:31
     2. 6850.187* 0.016     -3.      1.    0.49    0.116     60     0  12:55:41
     2. 6850.187* 0.016     -3.      1.    0.49    0.116     60     0  12:56:51
     2. 6850.186* 0.014     -3.      1.    0.49    0.116     60     0  12:58:01
     2. 6850.189* 0.017     -4.      1.    0.49    0.116     60     0  12:59:11
     2. 6850.192* 0.018     -3.      1.    0.49    0.116     60     0  13:00:21
     2. 6850.179* 0.017     -4.      1.    0.49    0.116     60     0  13:01:31
     2. 6850.177* 0.015     -4.      0.    0.48    0.115     60     0  13:02:41
     2. 6850.176* 0.017     -4.      0.    0.48    0.115     60     0  13:03:51
     2. 6850.175* 0.019     -4.      0.    0.48    0.115     60     0  13:05:01
     3. 6698.403* 0.011     -1.      0.    0.46   -0.017     60     1  08:10:39
     3. 6698.386* 0.012     -2.     -0.    0.48   -0.017     60     0  08:11:50
     3. 6698.380* 0.015     -2.     -1.    0.49   -0.016     59     2  08:13:00
     3. 6698.372* 0.016     -2.     -1.    0.50   -0.015     58     3  08:14:11
     3. 6698.364* 0.013     -3.     -1.    0.51   -0.015     60     0  08:15:22
     3. 6698.358* 0.012     -3.     -1.    0.51   -0.013     60     0  08:16:32
     3. 6698.349* 0.013     -3.     -1.    0.52   -0.013     60     0  08:17:42
     3. 6698.346* 0.016     -3.     -1.    0.51   -0.012     60     0  08:18:52
     3. 6698.342* 0.014     -3.     -1.    0.51   -0.012     60     1  08:20:02
     3. 6698.337* 0.013     -3.     -1.    0.51   -0.011     60     0  08:21:13
     3. 6698.337* 0.015     -3.     -1.    0.51   -0.010     60     0  08:22:23
     3. 6698.326* 0.013     -4.     -1.    0.50   -0.009     60     0  08:23:33
     3. 6698.326* 0.013     -4.     -1.    0.50   -0.008     60     0  08:24:43
     3. 6698.318* 0.012     -4.     -1.    0.50   -0.008     60     0  08:25:53
     3. 6698.320* 0.015     -4.     -1.    0.50   -0.007     60     0  08:27:03
     3. 6698.316* 0.012     -4.     -1.    0.50   -0.006     60     0  08:28:13
     3. 6698.314* 0.012     -4.     -1.    0.49   -0.005     60     0  08:29:23
     3. 6698.306* 0.013     -4.     -1.    0.49   -0.004     60     0  08:30:33
     3. 6698.308* 0.015     -4.     -1.    0.49   -0.003     60     0  08:31:43
     3. 6698.310* 0.012     -4.     -2.    0.49   -0.003     60     0  08:32:53
     3. 6698.312* 0.015     -5.     -2.    0.50   -0.002     60     0  08:34:03
     3. 6698.305* 0.013     -5.     -2.    0.49   -0.001     60     0  08:35:13
     3. 6698.311* 0.014     -5.     -2.    0.49   -0.001     60     0  08:36:23
     3. 6698.306* 0.013     -5.     -2.    0.49    0.001     60     1  08:37:33
     3. 6698.298* 0.011     -5.     -2.    0.49    0.001     60     0  08:38:44
     3. 6698.298* 0.013     -5.     -2.    0.49    0.002     60     0  08:39:54
     3. 6698.400* 0.016      1.      0.    0.45    0.094     60     0  11:06:48
     3. 6698.393* 0.012      0.      0.    0.46    0.095     60     0  11:07:58
     3. 6698.388* 0.010      0.      0.    0.47    0.095     59     2  11:09:08
     3. 6698.385* 0.011      0.      0.    0.47    0.096     60     0  11:10:19
     3. 6698.375* 0.020      0.      0.    0.48    0.097     60     0  11:11:29
     3. 6698.365* 0.015      0.      0.    0.48    0.097     60     0  11:12:39
     3. 6698.367* 0.012     -0.      0.    0.49    0.097     60     0  11:13:49
     3. 6698.366* 0.015     -0.      0.    0.49    0.098     60     0  11:14:59
     3. 6698.358* 0.013     -0.      1.    0.49    0.098     60     0  11:16:09
     3. 6698.357* 0.012     -0.      1.    0.48    0.099     59     2  11:17:19
     3. 6698.347* 0.013     -0.      1.    0.48    0.099     60     0  11:18:30
     3. 6698.347* 0.012     -1.      1.    0.47    0.100     59     2  11:19:40
     3. 6698.348* 0.012     -1.      1.    0.48    0.100     60     0  11:20:51
     3. 6698.338* 0.013     -1.      1.    0.47    0.101     60     1  11:22:01
     3. 6698.343* 0.011     -1.      1.    0.47    0.101     60     0  11:23:12
     3. 6698.335* 0.012     -1.      1.    0.47    0.101     60     0  11:24:22
     3. 6698.335* 0.013     -1.      1.    0.47    0.102     60     0  11:25:32
     3. 6698.333* 0.014     -1.      1.    0.47    0.103     60     1  11:26:42
     3. 6698.330* 0.014     -1.      1.    0.47    0.103     60     0  11:27:53
     3. 6698.330* 0.011     -1.      1.    0.47    0.103     60     0  11:29:03
     3. 6698.326* 0.011     -1.      1.    0.47    0.104     60     0  11:30:13
     3. 6698.322* 0.017     -1.      0.    0.48    0.104     60     0  11:31:23
     3. 6698.324* 0.012     -1.      0.    0.48    0.105     60     0  11:32:33
     3. 6698.320* 0.010     -1.      0.    0.47    0.105     60     0  11:33:43
     3. 6698.317* 0.013     -1.      0.    0.47    0.105     60     0  11:34:53







